5411354600
5411403691
5411411902
5411417951
5411415635
5500967190
5411415764
5411403984
5411409879
5411411998
5411414111
5411415853
5411415754
5411406341
5141186436
5500967473
5411404490
5500963916
5411416247
5411416296
5411416467
5411387740
5411406326
5411414206
5411416086
5411414431
5411416126
5411416284
5411424797
5411426562
5411418526
5411418417
5411421467
5500969875
5500971061
5500974920
5141184630
5411424943
5500971693
5500972771
5500972792
5411427867
5411427991
5500974964
5411429351
5411425063
5411426555
5411421753
5411428071
5500973855
5500975097
5411418635
5500970755
5500973908
5141189247
5411429424
5411424380
5500972597
5500969785
5411422698
5411422981
5411428895
5500974622
5411390670
5411393018
5411424824
5411426366
5411426491
5500968692
5500973572
5411429141
5411430609
5411430639
5500975627
5411397609
5411431950
5141189626
5500977531
5411432234
5411432265
5141189634
5411328353
5411433307
5411402671
5411433339
3146123740
5410870893
5411390236
5411431055
5411431698
5411421222
5411435790
5411379812
5500976301
5411431944
5500833810
5411436092
5411433130
5411434340
5500978608
5411267449
5411157896
5411418741
5411425722
5500970471
5411423767
5500974248
5500974250
5141188965
5411429917
5500975531
5411425842
5411427286
5141187251
5411424074
5411428622
5411421959
5500972046
5500973142
5411420838
5411423623
5411428235
5411429697
5500975363
5411429765
5141188340
5411427027
5411419234
5500968191
5500968192
5411420538
5500971513
5141188933
5411428467
5500975463
5411429786
3146122929
3146123065
5500976536
5500976659
3146123564
5500967150
5411381340
5411430886
5411430888
5411430957
3146123475
5411426258
5411379357
5411406850
5411289651
5411433744
5411376961
5411420788
5411423965
5411428179
5411428430
5411428589
5411390187
5411425963
5500972355
5411427581
5500973421
5500973433
5411421065
5411421756
5411422465
5411424234
5411424245
5500974424
5141189070
5411430155
5411430115
5411358269
5411430177
5411390402
5500972354
5500973496
5411427665
5411410129
5500970717
5500970725
5500974517
5411428833
5411395104
5411430442
5411430256
5411425302
5411418836
5500969549
5411428201
5411429419
5411429436
5411429459
5411395980
5411425441
5411425404
5411425229
5411425451
5500973584
5500967996
5411421929
5500971364
5411423503
5500971367
5411423536
5411427930
5500973717
5411330542
5411431121
5500975692
5411432355
5500969439
5411432330
5411433706
5411435200
5411435412
5500956683
5500881989
5411431140
5500976842
5411428442
5500960200
5500955633
5411399355
5411431020
5500975844
5411429504
5500964252
3146123608
5411431197
5500975889
5411431320
3146111943
5411413426
5500978039
5411234021
5141190057
5411432791
5411432670
3146123459
5141186437
5500976013
3146123468
5411417014
5411434194
5411434078
5411249947
5500963191
5141189519
5500892034
5411431986
5411435706
5411435707
5411435647
5411382919
5411431781
5500904836
5500965958
5500895692
5500942205
5411411401
5411402408
5411401307
5411375519
5411375401
5500925036
5500967018
5500967034
5500965931
5500967155
5500967076
5411416788
5411402718
5411413088
5500967115
5411416770
5411411450
5411416860
5411403394
5411417306
5411411549
5411417399
5411417597
5411374403
5411369849
5411355148
5500944860
5141164113
5411329630
5411413459
5141186998
5411414321
5411415945
5411410653
5141186258
5411416509
5411408322
5411411259
5411414218
5500967496
5411404177
5500966838
5411352313
5411424872
5500971639
5141187047
5500969886
5500973664
5411427740
5411430833
5411398015
5411424958
5411426248
5500972827
5411418479
5500968796
5411427836
5411427710
5411429256
5500975014
5500971743
5411425142
5500972862
5411426721
5500972878
5500972923
5411428402
5411429030
5500975053
5411429421
5500975071
5411429348
5411425222
5500972942
5411426792
5411418634
5411427888
5411427986
5411427879
5411429481
5411428802
5500975132
5500975186
5411426392
5500970983
5411428934
5411430554
5411430450
5411430439
5500971609
5411418246
5411418319
5411419848
5500968699
5411419668
5411427538
5500974742
5411397718
5411432383
5411432103
5411373995
5411432056
5141189637
5411432378
5411398380
5141190252
5411433376
5411434780
5141187853
5141189421
5411385568
5411434526
5500978488
5411435789
5411435935
5411436022
5411431892
5411431756
3146123332
5411431923
5500977194
5411435987
5411388056
5141189675
5411388431
5411421049
5500957468
5411431997
5500958515
5411431969
5500970912
5411433412
5411436302
5411425625
5500973242
5500968388
5411420600
5500971527
5411423846
5500975503
5411427375
5411423981
5411428440
5500974295
5411425445
5500973587
5411427121
5500973117
5411420651
5500969175
5411422189
5411320484
5141189290
5500972071
5411427212
5500973205
5411420711
5500970428
5411429808
5411385327
5411396763
3146122954
5500851475
5411433612
5500846206
5411431011
5411432426
5411435009
5500978956
5411425777
5500972291
5500972315
5500973401
5411419435
5411420639
5500974346
5411429988
5411430122
5411386777
5411394904
5411425943
5500973490
5411422498
5411422654
5411424058
5141188167
5411428781
5411430176
5411426068
5411426203
5411426015
5500972449
5141188760
5500973536
5500968491
5411424363
5500974858
5141189378
5411430266
5500972469
5411418042
5411419843
5411421333
5411424446
5411428709
5500974555
5500965866
5411425150
5411425312
5500971910
5411426735
5411418913
5411423335
5411422969
5500971344
5411428137
5411427929
5411428107
5411429612
5411429494
5411425110
5500972010
5500973032
5500973050
5411426810
5141188657
5411420377
5411420467
5411420526
5500970769
5411423529
5500974006
5411428345
5500975301
5411399209
5500975681
5411430759
5500975695
5411433754
5500967977
5411435342
5410913310
5411430817
5411424485
5411420304
5411433766
5411433954
5411435245
3146120337
5411365519
5141182932
5411373842
5411399569
5500963902
5411177185
5411431120
5500975842
5411432683
5411435462
5141189474
5411290413
5411409692
5411431357
3146123452
5500966111
5500786094
5411251819
5500975956
5411431473
5500975981
5411417220
5500975985
5411264375
5411293305
3146123469
5411434145
3146123637
5411402587
3146123641
5500955397
5411373815
5500952404
5411400071
5411431330
3146123487
5141190082
5411434386
5411275462
5411333260
5141169051
5500815208
5411351021
5411402423
5141185650
5411416605
5411416593
5411416717
5500966066
5411412996
5411417076
5500965123
5500966169
5411407215
5500966209
5411413472
5411413514
5411417322
5411417234
5411405504
5411410491
5411411498
5411413519
5411413545
5411407572
5500965351
5411413546
5141183370
5500952879
5411361208
5411413458
5411413825
5411417630
5411417804
5411414056
5411412144
5411415793
5411415773
5411406303
5500963839
5141186161
5500964846
5411412576
5141187015
5500966935
5411410160
5411414243
5411414159
5411412551
5411414360
5411416288
5500969894
5411423023
5500962747
5411428966
5500974902
5411430895
5411424944
5411425002
5500967686
5500969948
5411429312
5411391282
5500971712
5141188225
5411426577
5411426706
5411418672
5500967793
5500970011
5500971202
5500973864
5411428998
5411429269
5411429462
5500971810
5411418738
5411428049
5411429502
5500975148
5500975197
5411424449
5411424556
5411424821
5411427666
5411427225
5500973544
5411430594
5411430440
5411387754
5500960197
5411424667
5411423063
5141188943
5500973645
5411427706
5411429018
5141189152
5411430687
5411430832
5411434628
5500976615
5141189944
5411433309
5141189987
5500976210
5141189558
5411398774
5411310786
5411379983
5411391663
5411433025
5411436195
5500952347
5500956731
5411431926
5411432061
5411436201
5411431823
5500976470
5500977476
5500977503
5500972110
5500972139
5500972148
5500973263
5411420990
5500971528
5411423630
5411428511
5411428523
5500974274
5411417843
5411429906
5500972188
5500972570
5411425851
5411425732
5500972231
5411425755
5411427773
5411427277
5411427180
5500973317
5500973330
5500973358
5411419189
5500974265
5411428485
5411428682
5411429669
5411430033
5500972535
5411425573
5411420614
5411428263
5411427920
5500974064
5411428116
5500974092
5411429584
5500975346
5500975332
5411429747
5411425457
5500972092
5411426877
5411419058
5411422216
5500970401
5411423540
5411423707
5500971509
5500974198
5500974202
5500975411
5411429863
5411396525
3146122475
5411432197
5141189670
5411433476
5411432354
3146123470
5411433540
5141188734
5411427522
5411424114
5500974350
5411428564
5500975603
5500972356
5411419573
5411422622
5411424098
5411430196
5500975611
5411358207
5411430304
5411427566
5411427517
5411424351
5411428728
5411398726
5500961498
5411397471
5411426020
5411426066
5411426164
5411417947
5411419662
5500970902
5411424336
5500974575
5500974855
5411420974
5411430521
5411430571
5411397398
5411397543
5411425175
5411425200
5500973003
5500967941
5500970176
5500971316
5411427969
5500974152
5500973902
5141188879
5500975224
5411429407
5500971958
5500973125
5141187164
5411428088
5411429538
5411430946
5411430790
5411430980
5141122055
5500931171
5500977435
5500854874
5411435291
5411431135
5411263707
5141187137
5411167474
5500950392
5411393591
5500971332
5411435280
5500846540
5500955529
5411399343
5500801813
5500969919
5411409786
5500975853
3146123479
5411411699
5411431240
5500975891
5411435360
5411435327
5411193313
5141188797
5500976034
5141181034
5411431623
5411432729
5411433919
5141182082
5411364014
5141181460
5411401923
5411432011
5500968552
5411263831
5411431679
5411367732
5411411911
5411435750
5411400825
5411393189
5411401332
5411358751
5411402185
5411398428
5411412837
5411414742
5411416399
5411413032
5500965957
5411416716
5500965022
5500966013
5411403061
5141186311
5411413215
5411416265
5411403187
5411412999
5411417156
5411405402
5411405492
5500967276
5411417229
5411417208
5411417561
5411403664
5411405753
5500967350
5141166552
5500927168
5411415582
5411417607
5411412001
5500966666
5411415856
5411410120
5411412070
5500965573
5411413949
5500964836
5141186881
5411406431
5411408329
5411412273
5411416121
5411404532
5411408377
5500964767
5411414423
5500967516
5411416637
5141188173
5141188536
5411426428
5411419919
5500971119
5411427816
5500974772
5411429049
5411429519
5411430510
5411424820
5411426478
5411420191
5411427933
5411393750
5411418408
5500973848
5411388650
5500971826
5411428111
5500943542
5411297459
5411424664
5411426252
5411426371
5411426227
5500972655
5411418184
5500974625
5411387774
5411424891
5411426367
5500972685
5411419981
5411421942
5141188766
5411430634
5411430623
3146123386
5500976618
5411350547
5500977576
5411433621
5141187748
5500961610
5411352588
5500976236
5141189555
5411431861
5411381183
5411433035
5411434971
5411354193
5500967708
5411435780
5411436053
5500976294
5411431943
3146123512
5411389739
5411434653
5141171121
5411431835
5500976358
5411431859
5411434587
5141170922
5411432112
5411359631
5411434660
5141187685
5500978699
5141188343
5411425620
5141188700
5411422381
5141188144
5411428348
5411428307
5411351582
5411425545
5500972259
5411425696
5411427309
5411427421
5411419373
5411420566
5411420846
5411421608
5411424031
5411424012
5500974271
5500974319
5411417447
5141189331
5411430084
5411425310
5500972030
5411427034
5411426920
5411427087
5411423419
5500971452
5500971481
5411428100
5411428363
5411428354
5411429811
5500975393
5411427679
5411419501
5411420675
5411422235
5141188963
5411430545
5411429708
5411349185
3146122206
3146122476
3146122725
3146122917
3146122970
5411430799
5500966359
5500964328
5411433625
5411433605
5500978920
5411432098
5411432442
5500977041
5411433741
5411415392
5411415437
5500973367
5500973412
5411422462
5411422446
5500970601
5411423919
5411428566
5411428694
5500972388
5411426145
5411427435
5500973487
5411419360
5500968446
5500970814
5411424116
5411424193
5411428619
5411428657
5411430354
5411395064
5411421078
5500969613
5500970859
5411430287
5411430209
5411430422
5411430268
5411397406
5411426136
5500969668
5411424475
5411428839
5411430445
5500960763
5500961593
5411425224
5411425304
5411420483
5141187812
5500975259
5411427732
5500967994
5411422080
5411427950
5500975316
5141189284
5411431102
5411430949
5500976756
5141165017
5411433677
5141189980
5411431158
5411431163
5500975715
5411431110
5411431427
3146123430
5411432370
5411422599
3146123820
5411364175
5411399761
5411431185
5411431336
5500961675
5411435591
5500947154
5411431411
5411431414
3146123455
5500977084
5500976956
5411263926
5411435515
5411431444
5411431482
5411431523
5141179504
5411432570
5411432686
5411431370
5500974689
5411317405
3146123481
5411336577
5411435702
5411373942
5500953517
5141189499
5411431518
5411431654
5411431721
3146123492
5500978739
5411429938
5411435637
5411435617
5411433041
5411433081
5411433062
5500933922
3146123660
5411435717
5411436031
5411400538
5411400617
5411402439
5411400787
5411399078
5411400442
5141186267
5411414752
5411402769
5500964957
5411410926
5500965926
5411416764
5411414767
5411413991
5500966154
5411405423
5411405532
5411415331
5411417484
5500965327
5411415400
5411417535
5411354776
5500944179
5411374564
5411354100
5411407666
5411407589
5411415614
5411417742
5141186771
5411417992
5411403947
5411406196
5411414076
5411404142
5411416052
5141186260
5500965813
5500966947
5411408401
5411411553
5411412186
5411414098
5411414280
5411426200
5500972757
5141188544
5141187360
5500970131
5411421642
5411423073
5411423152
5411427628
5411293797
5500975676
5411397748
5411425051
5411423055
5411423076
5141189200
5411429207
5141189201
5500974968
5411391248
5411392302
5411425112
5411425162
5500972882
5500972897
5411420173
5411421792
5411423321
5500973820
5500973812
5141189235
5500975106
5411425155
5500971824
5411425116
5411425193
5411417519
5411423170
5500975111
5411424542
5411426190
5411421276
5411422699
5500974666
5411428928
5500974687
5411430573
5411430497
5411424813
5500971611
5411426206
5411426435
5411418285
5411423062
5411432191
5411376631
5411432109
5411432319
5500976629
5141188431
5411297370
5141167164
5411268396
5500975763
5411255768
5411432859
5411433077
5500958445
5411431891
5500976323
5411433194
5411436122
5141183476
5500976342
5411431825
5500976423
5500976425
5500977377
3146123530
5141189614
3146123527
5500969269
5411428427
5411428439
5411428474
5500975538
5500972177
5411419412
5411428612
5500974310
5500975573
5411427103
5500973161
5141188660
5411423400
5411423459
5500971469
5500971480
5500974082
5411428216
5500975378
5411429764
5500975384
5411419195
5411421173
5411428355
5500974188
5500974190
5500974187
5411429875
5500975460
3146122102
3146122440
3146123042
5411427168
5411432097
5500976642
5411367420
5411433684
5500978957
5411430779
5411430870
5500964256
5411425924
5500972301
5411427188
5411419561
5411423915
5411397094
5411427764
5411419437
5411420996
5411422608
5411428677
5500962450
5411426105
5411419722
5411424203
5411424343
5411424423
5411430411
5411417819
5411422649
5411427689
5411405246
5411430514
5411430457
5411390538
5500971999
5411425235
5411425256
5411426627
5411420240
5411429496
5411429777
5411429602
5141189268
5500971969
5500973035
5411426915
5411426935
5411423523
5500973980
5411428069
5500975438
5411429527
5500975343
5141169093
5411431065
5411430710
5500975696
5411432367
5411433740
5411431183
5500975710
5500975720
5411425786
5411431168
5411433934
3146123744
5500953087
5500948918
5411431149
5500874470
5141189648
3146098809
5411431090
5411293337
5411431269
5411432685
3146123612
5411434025
5500975941
5411431401
5500978087
5411411683
5411430332
5141183733
5411431515
3146099288
5411431621
5411431575
5411434196
5141190420
5411435607
5411383501
5411406757
5500960575
5411332985
5500977123
5411434139
5411407291
5411435648
5411435827
5411405986
5500954604
5500977171
5141189841
5411433827
5411402448
5411399241
5411398744
5411398718
5500964929
5411414675
5411411103
5411413089
5500965090
5500967175
5411417144
5411417132
5411413710
5411413324
5411417421
5141186084
5411411696
5500965358
5411413454
5141183456
5500956085
5411354563
5411354653
5411403633
5411411904
5411411912
5411414018
5411413928
5500966694
5411415816
5411415819
5411404503
5500966847
5411416359
5411412335
5500966750
5411414258
5411412591
5411424884
5411424971
5411427719
5411430719
5411425408
5141188308
5411424960
5500971719
5500972812
5141187712
5411422828
5411427650
5141189205
5500975019
5411398160
5411424989
5411426643
5411426547
5411427032
5500972912
5411428041
5500971786
5500971790
5411426590
5500972969
5500971284
5411423383
5411428376
5500960155
5411383260
5411424682
5411424497
5500972636
5500969725
5500969750
5500969757
5500969782
5500970921
5411424603
5411427537
5411430475
5411430526
5500972669
5411427011
5500969826
5500971064
5411427622
5500974181
5411429081
5411428860
5411430741
5411430735
5500976715
5500976532
5411432154
5141176754
5410430679
5411434911
5411414026
5141189559
5411419550
5500977258
5411433124
5411407905
5411436072
5500957449
5500976416
5411371538
5141177021
5141189580
5411432372
3146123525
5411433137
5411379286
5411242108
5411432053
5500906385
5500956955
5411434627
9253653698
5411434882
5411425517
5500973248
5141187881
5500971524
5411428398
5500974870
5500972230
5500973312
5411422347
5411423848
5411423945
5411342997
5411384559
5141188674
5411419184
5500969146
5411423579
5500971477
5411428444
5500975374
5411429597
5500962084
5411425487
5141188341
5411418938
5141186866
5500969233
5411428424
5411428473
5500975469
5500975490
5500942374
3146122327
3146122580
3146116815
5500975918
5411435086
5411430835
3146123410
5411432394
5141189666
5500948276
5411425638
5411425548
5411427199
5411421057
5500971560
5411423927
5411357461
5411430098
5141189358
5411391406
5411430271
5411419542
5500969495
5411422597
5411424096
5411402225
5500960745
5500972441
5411427526
5500970728
5500974464
5411428757
5141189082
5411428911
5141189377
5411387272
5500972511
5500974595
5411412128
5411397580
5500971873
5500971899
5500971927
5500973000
5411426755
5411426699
5500973029
5411423410
5411429477
5411390675
5411391767
5500971985
5411426747
5500973037
5411410126
5411419062
5411420515
5411423390
5141188865
5411428172
5411429515
5411429696
5411394296
5411430707
5411431046
5411386669
5411318972
5411435341
5411313251
5411435293
5411435373
5411431244
3146123580
3146116276
5411390575
5500953964
5500953148
5411399533
5141177147
3146123439
5411432644
5411433807
5411433944
5411431294
5500954357
5411112910
5500975979
5411431485
5411432440
5500965295
5500978128
5141187344
5411403024
5141190096
5411373495
5411399885
5500905918
5411290189
5500976379
5411431643
5411402476
5411432784
5411411677
5411431627
5411431676
5411431430
5500845553
5411432817
5411433014
5500978711
5411402581
5411402573
5411398524
5411398679
5411412811
5411414711
5411404795
5411410954
5411411816
5500965021
5411414894
5500965240
5411412445
5411405336
5411411394
5500966132
5411410792
5411417213
5411417217
5141186060
5411414929
5411417444
5500966282
5411415442
5411417435
5411417397
5411417349
5500953667
5411363571
5500954692
5411372821
5500949491
5500953045
5500929457
5500963533
5411411865
5411411873
5411413570
5411417962
5411414915
5411415498
5500967397
5411415805
5411415820
5500946117
5411410881
5500965783
5141186195
5411412913
5500971663
5411424785
5411426320
5411426571
5500967619
5500973660
5411427670
5500974798
5411430717
5411424916
5411426469
5411426456
5411425619
5500972823
5411426458
5411421761
5500969935
5411427971
5141188836
5500973793
5411429767
5411429188
5500974989
5500960921
5500960925
5411395882
5411424985
5411425025
5500971762
5411426741
5411421752
5411427062
5411429236
5411395838
5141188257
5500971987
5141188275
5411420227
5500973861
5411429679
5411395968
5500973064
5411418186
5411422558
5141189130
5411430398
5411424577
5411424758
5500973074
5411426347
5411427460
5500974739
5411429104
5411429038
5411427292
5411430732
5411430676
5411430626
5411430570
5411397766
5411432092
5411432304
5411433177
5500978697
3146123727
5500976591
5411432187
5500976276
5411421954
5411435081
5411402200
5411431176
5500937781
5500933962
5411419253
5500977438
5411277489
5411436012
5411433239
5411391397
5411433296
5500960720
5411434648
5411431501
3146123690
5141190207
5411430219
5411389857
5500971949
5411425539
5500972121
5411425529
5411425703
5500972568
5500972176
5500970436
5500971145
5500974261
5411429919
5411425610
5500969339
5500970537
5411428582
5500974307
5500975553
5141188324
5411425581
5500968095
5500969184
5411422140
5500974051
5141189287
5500972066
5411425554
5500973603
5411427167
5500970398
5411428210
5411428269
5411429804
5141189315
5500975464
5500962926
3146122848
9253470700
3146123142
5411227004
5141184938
5411400054
5411434970
5411380127
5411430982
5411430962
5411432303
5500965230
5500972577
5411425847
5500968363
5411424044
5411428565
5141189340
5411392448
5141188412
5411425897
5141188788
5500973420
5500969479
5500974452
5411428707
5411430264
5411384698
5411426007
5500972463
5500971399
5411428746
5411398445
5411426008
5500972510
5411418035
5500970860
5500970918
5500971587
5411424378
5411428829
5411430512
5411397474
5411425170
5411420406
5141187431
5500973929
5411428019
5500973934
5411429592
5411010747
5411429613
5141188310
5411426770
5500973129
5411427694
5411426800
5411420621
5411423385
5411428231
5411429741
5411429684
5411384302
5411172550
5411431033
5411431095
5411430968
3146123423
5411276446
5411432511
5500977808
5411435262
5411431203
5411431460
5500966410
5411435837
5141183144
5500950093
5411431178
5500975811
3146123230
5411431371
5411354977
5411431306
5500975879
5411226694
5410980468
5410775173
5411434060
5411435438
5411435465
5411431563
5411431450
5411432774
5500952485
5500945748
5411413902
5500978355
5411339111
5411434308
5411434310
5411435797
5411295183
5411435923
5411377725
5411400542
5411402543
5411402572
5411401988
5411402125
5141180852
5411414653
5411412777
5141186591
5500966045
5411417051
5500964170
5411411274
5500966105
5411415068
5411416828
5411417026
5411407077
5411413436
5411409649
5411417285
5411405597
5500965324
5411413692
5411415501
5411417603
5411417476
5411374449
5500955877
5500952950
5411415616
5411407872
5411412004
5411412017
5411414017
5141186789
5500966727
5411414512
5500966879
5411416452
5500964877
5141186885
5411416046
5500967505
5411421554
5411423621
5411427730
5411427896
5141189190
5411430620
5411430798
5411393327
5411395702
5411398034
5411424866
5411412733
5411419830
5411427779
5411427807
5411427757
5500971725
5500972925
5411418598
5411421831
5141188826
5411393706
5411398483
5500971780
5141188589
5141188594
5500968972
5411423283
5500974142
5411382922
5411426060
5411426353
5411422858
5411424339
5411430468
5411424686
5411424696
5411424734
5411426290
5411419779
5411421097
5411422936
5500971016
5500971031
5500973546
5411428356
5411427814
5500976551
5500977526
5141189840
5411433429
5411434863
5411434589
5141190259
5500956351
5411382281
5411432088
5411410333
5411415399
5411433290
5411392729
5141189833
5411434983
5411401086
5500957674
5500915804
5411431737
5411431967
5411431831
5410827682
5411327287
5411331837
5411431862
5500960704
5411379764
5411434617
5411434672
5411434514
5411436027
5411231182
5411388815
3146123689
5500976431
5411432401
5411402169
5500956915
5411433207
5411379872
5411425672
5411425645
5500973183
5411422147
5411423766
5411428289
5500975533
5411419266
5411422395
5411423759
5500974309
5500974306
5411316358
5411429800
5411412293
5411390056
5411392505
5141188315
5141188317
5500972553
5411420260
5500974042
5411429845
5411392110
5141188337
5500973203
5411422199
5411428461
5141188047
5411429952
5411396499
3146122938
3146122999
5411191794
5141190298
5500949919
5500972279
5411427571
5500974335
5411428741
5411428653
5411430027
5411430197
5411390130
5411425972
5411425848
5411426050
5500972345
5411425991
5411425973
5411425966
5411427601
5500973422
5500973454
5411421063
5411421033
5411423977
5411424095
5411424142
5411428669
5141189014
5500974451
5411430214
5411430314
5411424413
5411428940
5411430240
5411430288
5411430343
5411426044
5500972478
5500972488
5411419694
5411419726
5411419806
5411421335
5500974865
5411425247
5411425187
5411426872
5411426734
5411427610
5411394006
5411426836
5500973059
5411423513
5500974001
5500962831
5411342406
5411431024
5411431078
5411411440
5411432571
3146123649
5411434394
5411435020
5141189408
5500975728
5411431086
5500976807
5141189740
5411435325
5411323454
5411399499
5500906061
5411431568
5411431129
5411431228
5141175710
5141189724
5500971821
5500977959
5411435180
5500978063
5411174750
5411316531
5411435535
5411250535
5500959273
5411412924
5411434141
5141182685
5500954326
5411431327
3146123472
5411432844
5411366539
5411434180
5411377558
5500952263
5500954040
5141182724
5411402001
5411400024
5411331881
5411434138
5411431586
5411403556
5411398777
5411399172
5411402015
5411398480
5411398732
5411404825
5500965832
5411416771
5411411114
5411416888
5500965089
5411413267
5411414917
5411414999
5411406999
5500965152
5411417272
5411417047
5411413491
5500966202
5411403591
5500963309
5411409712
5411411567
5411414022
5500966262
5500966307
5411413672
5411415353
5411415244
5411409832
5411413664
5500898439
5411237588
5411320599
5500950350